16

7 0 -1 0 2 0 0 0 0 0 -2 0 0 1 0 -7

0 1 0 1 0 0 0 0 0 0 0 0 0 0 0 0 
0 0 1 0 0 0 0 0 0 0 0 0 0 0 0 0 
0 0 0 0 1 1 0 0 0 1 0 0 0 0 0 0 
0 0 0 0 0 1 0 0 0 0 0 0 0 0 0 0 
0 1 0 1 0 0 0 0 0 0 0 0 0 0 0 0 
0 0 0 0 0 0 1 1 1 0 0 0 0 0 0 0 
0 0 0 0 0 0 0 0 0 1 1 0 1 0 0 1 
1 0 0 0 0 0 0 0 1 0 0 0 1 0 0 0 
0 0 0 0 0 0 1 0 0 0 0 0 0 0 0 0 
0 1 0 0 0 1 0 0 0 0 0 0 0 0 0 0 
0 0 0 0 0 0 0 0 0 0 0 1 0 0 0 1 
0 0 0 0 0 0 0 0 0 0 0 0 1 1 0 0 
0 0 0 0 0 0 0 0 1 0 1 0 0 1 1 0 
0 0 0 0 0 0 0 0 0 1 0 0 0 0 1 1 
0 0 0 0 0 0 0 1 0 0 0 0 0 0 0 0 
0 0 0 0 0 0 0 0 0 1 0 1 0 0 0 0 

0 67 0 72 0 0 0 0 0 0 0 0 0 0 0 0 
0 0 25 0 0 0 0 0 0 0 0 0 0 0 0 0 
0 0 0 0 99 64 0 0 0 4 0 0 0 0 0 0 
0 0 0 0 0 97 0 0 0 0 0 0 0 0 0 0 
0 84 0 65 0 0 0 0 0 0 0 0 0 0 0 0 
0 0 0 0 0 0 19 16 89 0 0 0 0 0 0 0 
0 0 0 0 0 0 0 0 0 86 77 0 77 0 0 68 
93 0 0 0 0 0 0 0 5 0 0 0 9 0 0 0 
0 0 0 0 0 0 13 0 0 0 0 0 0 0 0 0 
0 17 0 0 0 100 0 0 0 0 0 0 0 0 0 0 
0 0 0 0 0 0 0 0 0 0 0 84 0 0 0 9 
0 0 0 0 0 0 0 0 0 0 0 0 34 32 0 0 
0 0 0 0 0 0 0 0 98 0 83 0 0 6 94 0 
0 0 0 0 0 0 0 0 0 42 0 0 0 0 82 84 
0 0 0 0 0 0 0 54 0 0 0 0 0 0 0 0 
0 0 0 0 0 0 0 0 0 99 0 95 0 0 0 0 

0 6 0 5 0 0 0 0 0 0 0 0 0 0 0 0 
0 0 7 0 0 0 0 0 0 0 0 0 0 0 0 0 
0 0 0 0 3 3 0 0 0 2 0 0 0 0 0 0 
0 0 0 0 0 9 0 0 0 0 0 0 0 0 0 0 
0 1 0 1 0 0 0 0 0 0 0 0 0 0 0 0 
0 0 0 0 0 0 9 5 3 0 0 0 0 0 0 0 
0 0 0 0 0 0 0 0 0 2 4 0 5 0 0 2 
3 0 0 0 0 0 0 0 2 0 0 0 7 0 0 0 
0 0 0 0 0 0 4 0 0 0 0 0 0 0 0 0 
0 3 0 0 0 5 0 0 0 0 0 0 0 0 0 0 
0 0 0 0 0 0 0 0 0 0 0 2 0 0 0 7 
0 0 0 0 0 0 0 0 0 0 0 0 1 2 0 0 
0 0 0 0 0 0 0 0 1 0 3 0 0 3 2 0 
0 0 0 0 0 0 0 0 0 7 0 0 0 0 7 5 
0 0 0 0 0 0 0 8 0 0 0 0 0 0 0 0 
0 0 0 0 0 0 0 0 0 2 0 1 0 0 0 0
